0 0.942812 0.532264 0.114375 0.201806
1 0.663625 0.317000 0.073156 0.127833
1 0.688844 0.248611 0.069375 0.094167
1 0.699563 0.185264 0.045406 0.066139
1 0.648164 0.197597 0.063703 0.088583
1 0.376344 0.210486 0.042250 0.076250
1 0.485133 0.205444 0.054234 0.072889
1 0.018359 0.315319 0.036719 0.126694
2 0.833273 0.848542 0.196766 0.302917
2 0.271656 0.347833 0.080094 0.126722
3 0.521016 0.297403 0.072219 0.104694
3 0.840000 0.220125 0.062469 0.082250
3 0.427063 0.229472 0.052594 0.093500
3 0.436852 0.174625 0.035828 0.026194
4 0.211109 0.171139 0.195625 0.342278
4 0.403922 0.110056 0.161969 0.220111
6 0.493641 0.114181 0.215312 0.129639
