0 0.687586 0.488542 0.081984 0.143528
1 0.431844 0.358486 0.070000 0.107639
1 0.433734 0.281111 0.056125 0.074000
1 0.387062 0.245792 0.041000 0.077361
1 0.414500 0.228986 0.042875 0.072861
1 0.222461 0.274403 0.061172 0.076250
1 0.113664 0.287847 0.066859 0.080750
2 0.685375 0.738583 0.111625 0.222000
2 0.089703 0.469486 0.079469 0.134528
3 0.302875 0.362403 0.066844 0.095306
3 0.176102 0.304097 0.054234 0.070639
3 0.168852 0.249167 0.046047 0.032500
3 0.538117 0.241875 0.049203 0.078472
4 0.105211 0.138111 0.157828 0.276222
4 0.031758 0.284319 0.063516 0.335306
6 0.188984 0.172750 0.256688 0.142111
