0 0.528023 0.751472 0.157672 0.297111
1 0.290891 0.678028 0.158938 0.242167
1 0.140156 0.484069 0.107219 0.181639
1 0.868281 0.366333 0.090187 0.161444
1 0.948680 0.361847 0.092078 0.134528
1 0.976234 0.676903 0.047531 0.150250
1 0.970242 0.869847 0.059516 0.260306
2 0.364047 0.921417 0.239656 0.157167
2 0.367516 0.310264 0.056125 0.071750
2 0.780922 0.250847 0.063063 0.080750
2 0.988852 0.507042 0.022297 0.182750
3 0.563398 0.619000 0.143109 0.196944
3 0.344289 0.557292 0.101734 0.153306
3 0.663664 0.412708 0.092609 0.133361
4 0.465273 0.234708 0.260828 0.469417
4 0.060156 0.532778 0.120313 0.934444
5 0.470148 0.213903 0.255297 0.147083
